1	22
1	906
1	907
1	1910
1	1941
1	1944
1	2060
1	2118
1	2123
1	2132
1	2144
1	2196
1	2230
1	2234
1	2249
1	2293
1	2302
1	2325
1	2337
1	2341
1	2343
1	2347
1	2354
1	2367
1	2369
1	2375
1	2379
1	2381
1	2397
1	2402
1	2403
1	2427
1	2428
1	2434
1	2470
1	2480
1	2493
1	2525
1	2526
1	2571
1	2573
1	2607
1	2611
1	2640
1	2656
1	2658
1	2667
1	2682
1	2696
1	2703
1	951
1	241
1	998
1	1011
1	1029
1	1054
1	1055
1	1074
1	282
1	32
1	1136
1	1145
1	312
1	1174
1	1176
1	43
1	1197
1	1200
1	1201
1	1213
1	1218
1	1251
1	1256
1	1288
1	1291
1	1299
1	1305
1	1306
1	1315
1	1318
1	1322
1	1330
1	400
1	423
1	1342
1	1345
1	446
1	1349
1	1350
1	1351
1	1367
1	1394
1	488
1	489
1	499
1	525
1	1435
1	1461
1	558
1	1470
1	572
1	581
1	584
1	585
1	1499
1	606
1	1503
1	1504
1	1510
1	643
1	644
1	654
1	1531
1	1554
1	1557
1	1558
1	1559
1	1560
1	1561
1	1563
1	1564
1	1565
1	1571
1	1572
1	1575
1	1587
1	1590
1	1603
1	1611
1	1613
1	1618
1	1620
1	1626
1	1633
1	1638
1	1639
1	1640
1	1655
1	1690
1	1691
1	1692
1	1693
1	1697
1	1747
1	1749
1	1753
1	1755
1	713
1	714
1	721
1	738
1	739
1	1812
1	1836
1	791
1	1862
1	1863
1	804
1	807
1	818
1	823
1	828
1	187
1	14
1	881
1	884
2	2058
2	2150
2	951
3	1934
3	1974
3	1994
3	1995
3	2003
3	2033
3	2091
3	2138
3	2204
3	2210
3	2213
3	2245
3	2318
3	978
3	5
3	6
3	1034
3	1179
3	1186
3	369
3	415
3	422
3	425
3	428
3	433
3	435
3	1399
3	526
3	542
3	10
3	651
3	668
3	114
3	117
3	119
3	127
3	706
3	168
3	1852
3	173
3	847
3	1902
4	2066
4	1078
4	302
4	1170
4	1212
4	414
4	421
4	428
4	433
4	478
4	479
4	1399
4	526
4	542
4	117
4	123
4	775
5	2138
5	335
5	542
5	847
6	263
6	1401
6	542
8	2207
8	515
9	2545
9	1238
9	599
10	1323
11	667
12	1916
12	2113
12	13
12	838
13	1916
13	2006
13	838
14	208
14	1966
14	2096
14	2118
14	2128
14	941
14	241
14	1021
14	1110
14	1128
14	302
14	327
14	351
14	1322
14	432
14	1362
14	1363
14	1392
14	503
14	525
14	1641
14	112
14	122
14	124
14	707
14	831
14	1902
15	1943
15	1972
15	2146
15	2562
15	2584
15	495
15	16
16	1953
16	1972
16	1979
16	2056
16	2081
16	2137
16	2182
16	2220
16	2258
16	2277
16	2320
16	2385
16	2546
16	2584
16	2596
16	239
16	244
16	1005
16	247
16	1108
16	1248
16	1279
16	421
16	458
16	1396
16	1397
16	495
16	509
16	564
16	1478
16	603
16	105
16	1568
16	669
16	107
16	1696
16	728
16	1786
16	1796
16	1852
16	861
17	2017
17	2100
17	1002
17	43
17	1215
17	58
17	81
17	532
18	333
18	419
18	81
19	1002
19	333
19	419
19	81
19	18
20	2625
20	81
20	845
21	23
21	1921
21	1971
21	2404
21	2683
22	23
22	2019
23	2683
24	23
24	2019
24	2080
25	2707
25	1458
25	184
26	903
26	1917
26	1994
26	1061
27	1917
27	1945
27	561
27	659
27	110
28	1923
28	2042
28	2261
28	937
28	2294
28	2344
28	2386
28	2545
28	2548
28	1100
28	313
28	1180
28	340
28	1299
28	394
28	1339
28	454
28	455
28	1481
28	1513
28	640
28	1528
28	1530
28	1599
28	1694
28	712
28	152
28	153
28	825
28	826
28	855
28	882
29	1909
29	1918
29	1967
29	1997
29	2041
29	2079
29	2090
29	2136
29	2139
29	2146
29	2148
29	2154
29	2178
29	2183
29	2199
29	2223
29	2247
29	2259
29	2358
29	2392
29	2417
29	2486
29	2491
29	2492
29	2517
29	2519
29	2546
29	2549
29	2563
29	2564
29	2592
29	2622
29	2694
29	973
29	1048
29	1098
29	1110
29	1129
29	1157
29	1160
29	1161
29	359
29	370
29	371
29	372
29	1269
29	390
29	1390
29	1396
29	1398
29	545
29	1478
29	609
29	1530
29	1545
29	1670
29	1759
29	1762
29	740
29	163
29	165
29	787
29	1860
29	815
29	821
29	1876
29	842
29	853
29	1890
29	1891
29	1893
29	1894
29	1895
29	1896
31	1922
31	1992
31	2047
31	2097
31	2135
31	2159
31	2192
31	2228
31	2251
31	2674
31	263
31	1204
31	1450
31	93
31	1515
31	1518
32	1944
32	2470
32	2526
32	2533
32	2571
32	2640
32	1084
32	33
32	543
32	572
32	1571
32	1754
32	738
32	1812
32	818
33	543
34	2162
34	2177
34	2542
34	621
34	1832
35	505
36	2151
37	2050
37	2066
38	999
38	62
39	60
40	2025
40	2100
40	38
40	62
41	2648
41	2660
41	2661
41	38
42	931
42	2076
42	2302
42	43
43	892
43	2100
43	2212
43	2643
43	2646
43	36
43	1317
43	811
44	892
44	2625
44	2661
44	1128
44	1215
44	61
44	1375
44	531
44	761
44	808
45	1919
45	2051
45	2063
45	2064
45	1004
45	1091
45	75
45	613
45	159
46	1919
46	2282
46	2477
46	535
46	142
47	203
47	2023
47	2133
47	2413
47	1090
47	550
47	767
48	1907
48	1912
48	2001
48	2021
48	2051
48	2077
48	2152
48	2201
48	2228
48	2253
48	2331
48	2652
48	1035
48	1037
48	1079
48	313
48	1225
48	374
48	394
48	613
48	614
48	615
48	616
48	1593
48	1599
48	1600
48	703
48	152
48	153
48	756
49	900
49	919
49	1947
49	2175
49	2187
49	2218
49	2236
49	2591
49	1120
49	1136
49	1199
49	443
49	1385
49	1407
49	91
49	671
49	110
49	711
50	1962
50	2009
50	2040
50	2078
50	2187
50	2274
50	2295
50	2591
50	1199
50	1222
50	399
50	1493
50	639
51	2163
51	2422
51	2426
51	2482
51	2518
51	2555
51	2585
51	1254
51	1266
51	1336
51	1443
51	1580
51	1814
51	1816
51	1817
51	1844
51	885
52	2233
53	1981
53	2120
53	2163
53	2281
53	2422
53	2426
53	2482
53	2508
53	2518
53	2519
53	1210
53	1254
53	1268
53	51
53	1443
53	568
53	1577
53	1578
53	1579
53	1580
53	1592
53	1678
53	1681
53	1816
53	1817
53	1844
53	1855
53	885
54	2043
54	2246
54	56
54	1400
55	2041
55	2043
55	2120
55	2141
55	2206
55	2258
55	2287
55	2520
55	1108
55	1302
55	54
55	56
55	1400
55	1496
55	103
55	107
55	886
56	2141
56	1302
56	54
56	1400
56	886
57	2256
57	234
57	1445
57	752
58	2024
58	1300
58	482
59	283
59	1245
59	457
59	1446
59	97
59	811
60	930
60	931
60	1239
60	811
61	1996
61	1000
61	38
61	40
61	62
62	930
62	931
62	932
62	744
63	909
63	931
63	932
63	2612
63	38
63	1497
63	788
63	789
64	2071
64	1003
64	1004
64	1335
64	101
65	916
65	2013
65	2326
65	2455
65	1003
65	1004
65	1044
65	1113
65	1373
65	1377
65	66
65	1467
65	101
65	1532
65	1705
66	916
66	1003
66	1377
66	65
66	1467
66	101
66	1532
66	1705
67	1907
67	1121
67	1270
67	712
67	829
68	2005
68	2077
68	2237
68	2244
68	2601
68	2654
68	1159
68	1332
68	500
68	1465
68	614
68	139
68	719
68	141
68	157
69	2167
69	2314
69	2352
69	2418
69	2488
69	2510
69	972
69	1070
69	1121
69	1402
69	516
69	534
69	554
69	1473
69	1770
69	741
69	186
70	1940
70	2142
70	2435
70	2498
70	1120
70	1899
71	2498
71	2643
71	2646
71	1120
71	1121
72	888
72	1910
72	1941
72	1986
72	2008
72	2045
72	2056
72	2062
72	2117
72	2299
72	2309
72	2319
72	2358
72	2362
72	2429
72	2430
72	2432
72	2486
72	2492
72	2503
72	2587
72	2600
72	2616
72	2694
72	2701
72	964
72	1013
72	1098
72	290
72	1166
72	371
72	382
72	383
72	391
72	410
72	469
72	484
72	502
72	508
72	510
72	1441
72	1447
72	1480
72	1486
72	603
72	609
72	638
72	689
72	1699
72	1771
72	158
72	753
72	805
72	807
72	815
72	842
72	1886
72	848
72	1890
72	1894
72	875
73	913
73	1926
73	1999
73	2000
73	2020
73	2134
73	2165
73	2302
73	2356
73	2477
73	2649
73	1121
73	1152
73	1204
73	345
73	383
73	1304
73	1315
73	78
73	1389
73	534
73	535
73	585
73	610
73	132
73	696
73	697
73	1694
73	716
73	734
73	182
73	185
74	1999
74	2282
74	2356
74	345
74	350
74	1516
74	716
75	1940
75	2142
75	2305
75	1181
75	45
75	1329
75	1507
75	716
75	1901
76	2142
76	712
77	2305
77	1121
77	75
77	78
77	1647
78	1899
79	2082
79	2435
79	75
79	516
79	537
79	1899
80	1938
80	1947
80	2088
80	2129
80	1368
80	454
80	455
80	472
80	1407
80	1420
80	1878
80	875
81	2625
81	43
81	1215
81	1375
82	100
83	1975
83	2156
83	2222
84	917
84	2087
84	2096
84	418
84	1444
84	587
84	1509
85	1939
85	1940
85	1955
85	2056
85	211
85	2063
85	2078
85	2119
85	2146
85	2506
85	2507
85	2542
85	2561
85	2562
85	2628
85	962
85	970
85	971
85	244
85	1044
85	1080
85	1123
85	34
85	1363
85	476
85	1389
85	505
85	521
85	1438
85	1445
85	1471
85	84
85	587
85	1799
85	740
85	742
85	1849
85	1892
86	1952
86	2265
86	2559
86	2562
86	2589
86	953
86	34
86	1272
86	477
86	510
86	1438
86	587
86	686
86	691
86	1851
86	873
87	1920
88	1909
88	1921
88	2129
88	2178
88	2239
88	2358
88	2414
88	2417
88	978
88	28
88	5
88	1011
88	261
88	262
88	1123
88	1161
88	1186
88	421
88	422
88	1356
88	515
88	112
88	114
88	118
88	119
88	121
88	122
88	123
88	1670
88	1676
88	1860
88	1902
89	7
90	1990
90	2335
90	1031
90	1032
90	1460
90	10
90	1487
90	152
90	183
91	313
91	1472
91	95
91	1593
92	902
92	2044
92	2112
92	2653
92	223
92	229
92	1099
92	7
92	389
92	578
92	736
92	786
92	1901
92	1905
93	1922
94	171
96	1962
96	2040
96	2236
96	2274
96	1004
96	1120
97	2251
97	413
97	98
97	99
97	1515
98	2251
98	2264
98	2384
98	1328
98	413
98	1432
98	99
99	2251
99	1432
99	98
100	2251
100	98
100	99
101	928
101	1985
101	1003
101	1042
101	64
101	65
101	1410
101	1467
101	1479
101	1532
101	797
102	2619
102	1013
102	1015
102	1016
102	1050
103	2041
103	2141
103	2206
103	2246
103	2258
103	2287
103	2519
103	1046
103	1302
103	54
103	55
103	1400
103	779
103	1884
103	886
104	1981
104	2351
104	2424
105	2385
105	970
105	1248
105	16
106	1908
106	2202
106	1300
106	482
106	788
107	2081
107	16
108	1923
108	1082
108	1527
108	1595
109	1923
109	2001
109	2040
109	2076
109	2151
109	734
109	829
109	182
110	2036
110	230
110	407
110	443
110	1433
111	2507
111	2692
111	2693
111	1781
111	1788
112	2007
112	2029
112	2414
112	30
112	1186
112	113
112	114
112	122
112	123
113	1362
114	2318
115	2016
115	2091
115	2129
115	6
115	1021
115	337
115	414
115	877
116	2003
116	2155
116	2414
116	1127
116	335
116	166
118	210
118	1986
118	2255
118	2563
118	259
118	410
118	72
118	1451
119	2255
119	2638
119	428
119	668
119	802
119	1902
120	2048
120	958
120	959
120	1123
120	1153
120	1226
120	435
120	526
120	173
120	190
120	866
121	2255
122	208
122	1934
122	1987
122	2003
122	2007
122	2016
122	2029
122	2033
122	2048
122	2070
122	2091
122	2093
122	2096
122	2122
122	2124
122	2128
122	2178
122	2200
122	2204
122	2239
122	2276
122	2290
122	2345
122	2383
122	2387
122	2414
122	978
122	241
122	5
122	248
122	1021
122	30
122	263
122	1087
122	1110
122	299
122	1186
122	1195
122	335
122	337
122	1237
122	376
122	1277
122	414
122	415
122	421
122	425
122	433
122	435
122	1355
122	1362
122	1363
122	1409
122	508
122	526
122	1451
122	10
122	651
122	668
122	1641
122	112
122	114
122	115
122	118
122	121
122	123
122	124
122	127
122	128
122	1671
122	1672
122	1676
122	1783
122	166
122	1852
122	847
123	1987
123	1995
123	2060
123	2170
123	2318
123	2417
123	2620
123	978
123	263
123	1078
123	1161
123	369
123	410
123	421
123	431
123	1401
123	526
123	1451
123	114
123	118
123	119
123	124
123	128
123	1670
123	136
123	852
123	869
123	882
124	2245
124	128
125	2129
125	2178
125	2290
125	1252
125	877
125	1902
127	1021
127	115
127	128
128	428
128	1401
128	115
129	207
129	2296
129	2411
129	819
130	2159
130	2167
130	1265
130	741
131	2054
131	2228
131	2262
131	344
132	2020
132	2175
132	2602
132	2609
132	2632
132	2649
132	2659
132	1204
132	345
132	73
132	1481
132	585
132	734
133	2314
133	1057
133	1204
133	1415
133	1517
134	2114
134	1204
135	1993
135	2104
136	2276
136	2386
136	434
137	1933
137	2387
137	302
137	434
137	651
137	136
137	1790
137	1880
138	1924
139	946
139	1143
139	1553
139	1600
140	2419
140	2647
140	1405
140	1460
140	1465
140	617
140	633
140	813
140	197
141	1993
141	2159
141	2250
141	1265
141	132
141	154
141	741
142	712
143	2094
143	1406
144	2282
144	1493
145	891
145	2184
145	1406
145	505
145	1530
145	1545
145	679
145	143
146	2013
146	1831
147	2195
147	2306
147	1102
147	1357
147	1364
147	1380
147	521
147	1440
147	1482
148	1980
148	2265
148	2351
148	1357
148	521
148	1440
148	618
148	619
149	2285
149	979
149	242
149	1477
149	150
149	796
150	2193
150	2285
150	2497
150	2593
150	2691
150	1125
150	1319
150	1477
150	1778
151	1965
151	2177
151	2450
151	2542
151	2628
151	34
151	1471
151	1477
151	85
151	1818
152	2665
152	1487
153	2708
153	1159
153	346
153	1370
153	157
153	855
154	2153
154	2217
154	1424
154	661
154	663
155	1907
155	896
155	2001
155	2166
155	2253
155	313
155	1270
155	1370
156	2188
157	1424
159	2063
159	2078
159	1044
159	1386
159	641
160	2260
161	2541
161	277
161	1226
161	52
161	647
162	2565
162	163
162	165
162	1857
163	1857
164	1857
165	163
165	1856
165	1857
166	1987
166	2026
166	2066
166	2122
166	2200
166	2210
166	1399
167	2657
167	867
169	2271
169	2642
169	1052
169	1379
169	170
169	800
170	2125
170	2468
170	2642
170	1052
170	1379
170	1457
170	169
171	2574
171	1381
172	914
172	1940
172	2274
172	1091
172	1181
172	399
172	534
174	2055
174	2077
174	2099
174	2355
174	2513
174	218
174	2645
174	2670
174	1018
174	355
174	356
174	375
174	1315
174	454
174	1420
174	614
174	615
174	616
174	648
174	1648
174	690
174	130
174	712
174	139
174	879
175	2241
175	2519
175	53
175	776
175	779
176	2707
176	1045
176	1119
176	1820
177	2512
177	2707
177	25
177	1149
177	1257
177	664
177	1820
177	176
178	2175
178	238
178	1136
178	513
178	639
179	1136
179	513
180	1925
180	524
181	913
181	1925
182	913
182	1925
183	893
183	913
183	1925
183	1975
183	2222
183	1132
183	404
183	1371
183	1409
183	10
183	1500
183	631
183	633
183	672
183	837
184	1458
185	1926
185	2665
186	1926
187	907
187	2395
187	1442
187	1654
187	1753
187	1861
187	190
188	1957
188	2300
188	2621
188	2668
188	1197
188	1251
188	1442
188	190
189	2252
189	2666
189	1442
189	1654
189	1747
189	1755
189	190
190	2395
190	2617
190	312
190	1442
190	1654
191	1938
191	2527
192	901
193	901
193	92
193	192
194	1927
194	1296
195	2425
195	1688
196	2243
196	485
197	2413
197	2634
197	1035
197	1037
197	1153
198	2653
198	445
198	138
199	2020
199	2294
199	940
199	1103
199	305
199	345
199	1221
199	1304
199	73
199	535
199	538
199	610
199	1528
199	132
199	696
199	697
199	1694
199	1823
199	825
200	203
201	199
201	2112
201	226
201	227
201	229
201	981
201	280
201	7
201	1292
201	406
201	92
201	729
201	735
201	736
201	193
202	203
202	204
202	2047
202	2088
202	2145
202	2254
202	1307
202	596
202	646
202	136
203	829
204	2254
204	60
205	1936
205	937
205	1216
205	358
205	556
205	183
206	1928
206	2035
206	2391
206	2418
206	1192
206	463
206	464
206	465
206	516
206	569
206	1803
208	2088
208	2135
208	2548
208	2645
208	1151
208	350
208	454
208	461
208	1465
208	593
208	1648
208	126
208	182
208	852
209	202
209	208
209	2704
209	314
209	334
209	1225
209	1295
209	10
209	1647
209	183
209	882
210	1929
210	372
211	540
212	2405
212	2487
212	1185
212	384
214	217
215	2332
215	213
215	2654
215	344
215	1234
215	500
215	614
215	1527
215	1595
216	2344
217	214
217	1220
217	455
217	570
217	576
218	1493
218	711
218	797
219	2323
220	228
220	1076
221	2035
221	2105
222	2229
222	89
222	1905
223	1911
223	2004
223	2194
223	2218
223	2650
223	221
223	230
223	1094
223	1099
223	1241
223	441
223	442
223	443
223	1374
223	1385
223	1472
223	91
223	95
223	711
223	860
224	392
225	2027
225	2035
225	2105
225	2483
225	2499
225	221
225	528
225	628
226	935
226	2229
226	735
227	2323
227	220
227	228
227	7
227	407
227	864
228	2229
228	232
229	2112
229	223
229	92
229	663
229	110
229	729
229	786
230	221
231	895
231	2035
231	2105
231	221
232	2229
232	1076
234	922
234	2256
234	2610
234	2669
234	1097
234	1228
234	1445
234	1453
234	1892
235	2402
235	289
235	291
235	293
235	1446
235	659
236	289
236	753
237	898
237	1945
237	2027
237	2483
237	220
237	225
237	227
237	229
237	1083
237	1100
237	289
237	341
237	342
237	407
237	92
237	110
237	138
237	729
237	735
238	2484
238	289
238	1279
239	914
239	1386
239	1397
241	1914
241	1964
241	1970
241	2037
241	2397
241	993
241	1029
241	1251
241	423
241	1462
241	652
241	654
241	657
241	1562
241	1567
241	695
241	700
241	813
241	190
242	2285
242	2593
242	2691
242	243
242	1778
242	149
242	150
242	796
243	2285
243	969
243	1319
243	85
243	1778
243	149
243	150
246	1882
247	2206
247	1108
248	299
248	1852
249	2026
249	2255
249	1852
250	1969
250	251
251	1969
251	1010
252	1969
252	1010
252	251
252	1127
252	1229
252	1412
252	1459
253	2592
253	1010
254	302
255	256
255	257
255	814
256	2171
256	967
256	814
256	1903
257	2249
258	2171
258	2249
258	967
258	257
258	1200
258	1361
258	1903
259	2029
259	2249
259	28
259	30
260	2082
260	523
260	524
261	1953
261	262
261	458
261	564
261	819
262	2239
264	263
265	2321
265	337
266	498
267	2234
267	2604
267	2607
267	2656
267	2703
267	1055
267	489
267	572
267	1748
267	880
267	883
268	1930
269	1930
269	1711
270	1931
270	1942
270	271
270	273
270	490
270	757
271	1931
271	1942
271	2227
271	273
271	490
271	757
272	1931
272	1942
272	2227
272	271
272	273
272	490
272	757
273	1931
274	1932
274	2159
274	2237
274	1274
275	1932
275	1991
275	2603
275	655
275	1602
275	681
276	1932
276	277
277	1932
277	1602
278	2094
278	1320
279	385
279	1819
280	199
280	201
280	1945
280	2036
280	2153
280	2647
280	226
280	237
280	1138
280	1217
280	1233
280	1241
280	507
280	557
280	663
280	786
280	839
280	192
280	193
281	507
282	240
283	2072
283	2215
283	2612
283	2674
283	284
283	1139
283	1245
284	2173
284	2215
285	1101
285	1166
285	1373
285	1831
286	2326
286	1101
286	66
286	1522
286	1768
286	1828
287	1980
287	2440
287	1101
287	1163
287	1164
287	1166
287	1373
287	65
287	66
287	1522
287	1705
288	1081
288	291
288	293
288	1446
288	1474
288	629
289	962
290	1982
291	2400
292	1960
292	2160
292	2320
292	293
292	1331
293	292
294	2283
294	2400
294	238
294	293
295	915
295	1960
295	1982
295	2069
295	2240
295	2283
295	236
295	1342
296	2441
296	2451
296	2457
296	2462
296	985
296	1710
296	1711
296	1713
296	1721
296	1722
296	1740
296	1741
297	2598
297	2633
297	1711
298	2023
298	2210
298	2317
298	299
298	1156
298	478
298	865
299	2614
299	2653
299	1156
299	478
299	865
300	2162
300	1335
301	1480
302	1933
302	1966
302	2276
302	2386
302	1127
302	432
302	479
302	1790
302	1880
303	1933
304	1933
305	2237
305	2603
305	73
305	1386
305	538
305	655
306	2022
306	697
307	1284
308	1992
309	1291
310	830
311	2015
311	1469
311	830
313	1907
313	91
313	1593
314	2641
314	313
314	91
315	448
315	1525
315	1526
316	1120
316	835
317	758
318	911
318	2115
318	953
318	1131
318	317
318	479
318	1401
318	1482
318	1509
318	720
318	758
318	798
318	860
319	2044
319	320
319	829
321	2002
321	2115
321	347
322	347
322	1508
323	1955
323	347
324	2276
324	325
324	1790
324	802
326	2620
326	2629
326	325
327	1617
327	1621
327	1622
327	831
328	2036
328	2662
328	245
328	314
328	456
328	1802
329	1997
329	2139
329	2150
329	2320
329	2359
329	2475
329	2541
329	2546
329	977
329	1157
329	370
329	1276
329	1390
329	564
329	609
329	118
329	689
329	1677
329	1681
329	1761
329	1763
329	725
329	1796
329	163
329	165
329	1855
329	815
329	1874
329	1889
329	1890
329	1895
330	1010
330	1272
330	477
330	546
330	873
331	530
331	704
331	846
332	331
332	845
332	846
332	862
333	846
333	20
334	2053
334	2157
334	2179
334	2186
334	2225
334	939
334	2420
334	2421
334	2576
334	2597
334	2671
334	2672
334	2673
334	1064
334	59
334	457
334	1446
334	97
334	1548
334	1549
334	1550
334	846
335	1934
335	2207
336	1934
336	1939
336	2020
337	1934
337	2016
337	2033
337	2091
337	376
337	745
337	166
338	2014
338	2099
338	2219
338	339
338	340
338	1265
338	1436
338	130
339	340
341	2042
341	2209
341	2269
341	220
341	228
341	232
341	981
341	342
341	389
341	561
341	864
342	2042
342	2269
342	219
342	220
342	228
342	232
342	341
342	561
342	864
343	2335
343	1424
346	2336
346	2708
348	2168
348	2181
348	349
348	1352
348	1358
349	2047
349	2135
349	2168
349	1352
349	1358
349	1515
351	2174
352	1935
352	2032
352	2118
352	2349
352	1067
352	1174
352	353
352	1282
352	1492
352	1613
352	1644
353	1935
353	2032
353	2349
353	1644
354	2017
354	2350
354	1215
354	1375
354	531
354	532
354	533
354	82
355	2077
355	1064
355	614
355	615
355	616
355	139
356	205
356	920
356	921
356	1936
356	2261
356	2268
356	2295
356	239
356	259
356	35
356	357
356	358
356	69
356	512
356	1436
356	702
356	141
356	142
356	856
357	205
357	1936
357	358
358	205
358	1936
359	2084
359	545
360	363
361	363
362	2088
362	2135
362	363
364	363
365	2030
365	2250
365	431
366	367
366	766
367	2172
367	1024
367	1027
367	765
367	834
368	1976
368	2101
368	546
368	557
368	1568
369	1992
369	1123
369	308
371	1157
371	372
372	2062
372	260
372	1085
372	1235
372	371
372	1762
372	852
374	394
375	897
375	898
375	2218
375	213
375	218
375	2639
375	2645
375	1165
375	356
375	398
375	399
375	1460
375	711
375	758
375	817
376	2003
376	2033
376	168
377	2095
377	279
377	1887
378	1937
378	2006
378	2636
379	2066
380	1955
380	1972
380	1976
380	2000
380	2010
380	2291
380	2436
380	2455
380	2596
380	2686
380	982
380	1005
380	1010
380	1068
380	1069
380	330
380	1198
380	1208
380	368
380	1272
380	409
380	546
380	698
380	1699
380	710
380	1782
380	797
380	848
380	874
381	1950
381	2116
381	1005
381	494
381	547
381	142
382	2600
382	2616
382	2701
382	383
382	391
382	875
383	1340
383	1434
385	2056
385	2220
385	2562
385	2676
385	1073
385	1208
385	1786
385	16
386	1959
386	1991
386	2279
386	2324
386	45
386	1698
387	414
387	579
388	1593
389	2042
389	2073
389	2263
389	1433
390	2154
391	1151
391	383
391	502
391	875
392	1076
392	1286
393	2004
393	2209
393	1076
394	373
395	2005
395	2175
396	1962
396	671
397	2076
398	1420
398	172
400	2090
400	2376
400	2592
400	1160
401	2592
402	2009
402	2357
402	403
402	1601
402	716
403	2000
403	1855
404	2102
404	259
404	1132
404	1371
404	497
405	2009
405	2545
405	403
406	935
406	981
406	1292
407	2209
407	227
408	917
408	1948
408	2318
408	411
408	418
408	1800
408	1801
408	1802
408	775
409	917
409	944
409	314
409	368
409	411
409	418
409	1800
409	1801
409	1802
410	336
410	418
410	651
411	418
412	914
412	1939
412	2279
412	937
412	2510
412	35
412	375
413	98
413	99
414	2155
414	2345
414	1388
415	335
415	116
416	2047
416	2293
417	2178
417	2383
417	1672
418	917
418	2207
418	1800
418	1802
419	2608
419	20
420	2625
421	2026
422	2007
422	2029
422	998
422	30
422	1372
422	1435
422	1551
422	657
423	1964
423	2037
423	422
423	1372
423	657
423	700
424	923
425	2070
425	2124
425	2387
425	248
425	1277
425	415
425	1399
425	121
425	127
425	1671
425	1672
425	866
426	508
427	1994
427	2309
427	963
428	2026
429	1409
430	2352
430	410
430	126
430	127
431	2030
431	2250
431	1193
433	847
435	1123
435	369
436	2638
436	5
436	1212
436	173
436	867
437	248
437	121
438	2627
438	1087
438	1399
438	1860
439	2583
439	2657
439	1008
439	1418
439	167
439	869
440	978
440	1212
441	474
442	1911
442	443
444	223
444	1094
444	1095
446	644
446	1586
446	1643
447	911
447	1980
447	1107
447	1166
447	448
447	510
447	720
447	835
447	860
448	2304
448	2312
449	2111
449	2278
449	1006
449	1065
449	1081
449	450
449	72
449	1455
450	1008
451	1008
451	1364
451	509
451	148
452	1093
453	2247
453	72
453	1681
453	776
454	2600
454	2616
454	2701
454	1066
454	455
456	245
459	2009
460	2282
460	601
462	1984
462	1136
463	2391
463	464
463	1803
464	1803
465	206
465	1913
465	2035
465	2291
465	2298
465	2391
465	2398
465	2552
465	2594
465	2599
465	2626
465	1192
465	1344
465	463
465	464
465	471
465	569
465	1803
465	1804
466	2168
466	940
466	277
466	339
466	1352
466	1358
466	539
467	2435
467	965
467	535
467	539
468	2425
468	2593
468	1248
468	551
468	552
468	1682
468	1683
468	1684
468	1688
468	1689
468	195
469	726
469	727
470	1414
470	844
471	2298
471	2396
471	1192
471	472
472	1192
473	2136
473	2261
473	2680
473	1205
473	469
473	1403
473	499
473	583
473	142
473	1806
474	686
474	860
475	279
475	1133
475	540
475	1695
475	1696
475	820
476	34
476	742
477	874
478	2210
480	1980
480	2265
480	2516
480	1102
480	1357
480	1364
480	1380
480	1482
481	1908
481	482
483	2075
483	245
483	1472
484	980
484	1221
484	496
485	2243
485	2283
485	792
485	793
485	795
486	2221
486	485
486	792
486	793
486	795
487	1941
487	2658
487	2696
487	488
487	1626
487	805
488	1941
488	2083
489	1941
489	2533
489	2571
489	1611
489	1626
490	1942
490	2227
491	2012
491	2092
491	2149
491	2164
491	2189
491	2280
491	2634
491	1182
491	492
491	493
491	1421
491	833
491	841
492	2280
492	833
492	841
493	2280
493	492
493	841
494	1943
494	547
495	1943
496	900
496	972
496	1220
497	364
497	458
498	1945
498	2004
498	266
499	2123
499	2621
499	2668
499	1067
499	1218
499	352
499	1276
499	1318
499	583
499	606
499	1501
499	1791
501	1124
501	502
501	675
502	2213
503	1946
503	2180
503	704
503	862
504	924
504	927
504	2050
504	2306
504	37
504	1511
504	758
505	891
505	1910
505	2090
505	2184
505	2370
505	1160
505	1452
505	678
505	679
505	1667
506	24
506	2123
506	559
506	1499
508	1020
508	351
508	426
509	2594
509	2599
509	2626
509	451
510	1968
510	2589
510	2594
510	2599
510	2626
510	1190
510	1439
510	1440
510	1441
510	1447
510	618
510	619
510	723
511	2614
511	299
511	785
512	914
512	1947
512	937
512	239
512	356
512	398
512	1386
512	1408
512	505
512	591
512	659
512	702
513	1947
513	1984
513	2175
513	1329
513	639
514	2513
514	2602
514	2609
514	2632
514	2659
514	1198
514	336
515	336
516	2352
516	972
516	1167
517	2050
517	6
517	1173
517	522
517	1597
517	1598
518	2413
518	1235
518	48
518	108
518	703
519	2223
519	1309
520	1968
521	1364
522	2050
522	2306
522	2614
522	1357
522	785
525	923
525	2377
525	2399
525	2681
525	955
525	1604
525	1605
525	1609
525	1641
525	1651
525	682
526	1948
527	2456
527	2458
527	1043
527	1086
527	1706
527	1740
528	1995
528	2552
528	95
528	628
528	711
528	802
529	1949
530	2017
530	2179
530	2597
531	1375
532	2017
532	2085
533	2350
533	532
535	2020
535	835
536	1991
536	2363
536	2364
536	2365
536	945
536	946
536	947
536	1194
536	1332
536	73
536	589
536	610
536	640
536	1601
536	1602
536	781
537	1402
537	516
537	538
537	1517
538	1999
538	2488
538	73
538	132
539	2435
539	965
539	535
540	541
540	723
540	725
541	723
541	724
542	6
543	33
544	2292
544	2697
544	2699
544	2700
544	1078
544	1113
544	1163
544	1280
544	1358
544	65
544	625
544	1519
544	1522
544	1529
544	1768
544	1826
544	1828
544	1831
546	1950
546	2116
547	1950
548	957
549	957
549	259
550	1951
550	2503
550	2602
550	2609
550	2632
550	2659
550	8
550	610
550	1782
552	551
552	1689
552	1879
553	2268
553	937
553	2488
553	1057
553	1070
553	1473
553	1770
555	1952
556	2048
556	2127
556	997
557	1888
558	22
558	2080
558	1063
558	1155
558	1174
558	1176
558	1197
558	573
558	1554
558	1633
558	682
560	2183
560	2208
560	2595
560	1398
561	1241
562	392
563	1286
563	392
563	562
563	663
563	1905
564	1953
565	1953
565	2185
566	2447
567	2554
567	1085
567	290
568	1496
568	886
569	2391
569	464
569	1803
570	2005
570	1214
570	602
571	1954
572	2343
573	2375
573	998
573	1247
573	1435
573	558
573	1554
574	1218
574	1298
574	1650
575	2454
575	399
577	2431
577	1180
577	1407
577	578
577	1901
578	1977
578	2002
578	2500
578	1180
578	1181
578	1329
578	577
578	1901
579	1987
579	971
580	1956
580	2012
580	2164
580	2189
580	493
580	833
582	1957
582	2300
583	22
583	24
583	2485
583	1063
583	1176
583	1276
583	1501
583	1791
583	1900
584	2613
584	738
586	2641
586	1593
587	398
588	1977
590	920
590	921
590	1984
590	2219
590	2244
590	2601
590	1040
590	1371
590	519
590	1436
590	594
590	630
591	659
592	2655
592	659
594	920
594	2219
594	35
594	1436
595	2099
595	2644
595	1265
595	579
595	130
596	1432
597	2303
597	598
597	599
600	2297
603	1015
603	1248
604	1015
604	603
605	1957
605	2300
606	1957
606	1641
607	1957
608	2252
608	2540
608	1448
608	1468
609	2109
609	1236
609	1681
609	165
610	78
610	716
611	612
612	611
613	75
613	1493
614	2001
614	615
614	616
615	2335
616	615
618	254
618	510
618	1439
618	619
618	1793
619	254
619	1439
619	1447
620	976
620	278
620	1348
621	686
622	1958
623	2324
623	388
624	763
625	1280
626	2537
626	2699
626	1280
626	544
626	625
627	1280
627	625
628	2027
628	225
628	237
628	621
631	2222
631	364
631	404
631	497
632	2156
632	364
632	631
632	633
633	1975
633	1132
633	1500
634	276
635	1961
635	637
636	1961
636	2107
636	635
637	1961
638	1365
638	540
638	1483
639	1962
640	2165
641	2477
641	2665
642	2192
642	655
643	923
643	2346
643	2348
643	2570
643	954
643	955
643	303
643	424
643	1582
643	1583
643	1584
643	1587
643	1608
643	1638
644	2374
644	2676
644	1053
644	1282
644	1490
644	1491
644	1587
644	1627
644	1629
644	674
644	714
645	2196
645	2375
645	1587
645	1590
645	1628
645	1635
645	674
645	693
646	106
647	1963
648	2355
649	2157
649	1216
649	1515
650	1216
651	1880
652	1964
652	2037
652	993
652	653
652	654
652	700
652	813
653	1964
653	2037
653	2397
653	993
653	1029
653	654
653	695
653	697
653	700
653	738
654	1964
654	1970
654	993
654	700
655	2192
655	2224
655	2603
655	1273
655	1415
656	422
656	1372
656	657
657	2369
657	326
657	422
657	1372
657	1462
658	2395
658	2511
658	2617
658	2681
658	432
658	1604
658	1605
658	1609
658	1641
658	1651
658	1753
659	1822
660	2706
660	1261
661	2217
661	663
662	154
663	2153
663	2217
663	661
664	246
664	1045
664	1882
665	2143
665	832
666	832
667	1066
667	832
668	1153
669	2131
669	1287
670	2341
670	2342
670	32
670	487
670	1573
670	738
671	2274
673	900
673	981
673	1233
673	1292
673	110
674	876
675	501
676	2600
676	2616
676	2701
676	1151
676	382
676	391
676	454
676	875
677	1452
677	678
678	1452
679	1452
681	696
682	2019
682	2399
682	2666
682	432
682	1900
683	1900
684	1971
685	2011
685	1225
685	857
686	474
686	621
686	860
687	2481
687	1196
687	1294
687	1614
687	1767
689	688
690	2028
691	2034
691	555
692	1360
693	1282
694	268
694	1378
695	993
697	1507
697	812
697	876
698	1972
699	1973
699	2262
699	2303
701	2082
701	867
702	1070
702	524
702	155
702	156
703	2201
703	1035
703	1037
703	260
703	156
704	2597
704	530
704	761
704	845
704	862
705	935
705	1292
706	1974
707	1090
707	518
707	701
708	2311
708	1024
708	1512
708	765
709	2074
709	2203
709	1024
709	1027
709	1058
709	367
709	708
709	1829
709	765
709	834
710	1976
710	2686
710	368
711	1977
711	2218
711	1374
711	95
712	1977
712	2108
713	2403
713	1053
713	644
713	1627
713	714
714	2289
714	876
715	1053
715	1627
715	1629
715	714
716	185
717	1417
717	185
718	2553
718	2575
718	1555
718	1811
718	1813
719	1978
719	630
720	1924
720	1978
720	2637
721	1506
721	806
722	806
723	541
724	541
725	2197
725	2610
725	2669
725	1438
725	541
726	469
726	727
727	469
728	1979
729	2075
729	2552
729	225
729	7
729	1130
729	528
729	628
730	2329
730	2330
730	1544
731	2157
731	650
732	599
733	1981
733	2351
733	2424
733	1592
737	1255
737	1459
737	175
738	1213
738	739
739	1213
740	2507
743	1984
743	2009
745	2025
745	744
746	2025
746	2048
746	997
746	744
746	745
747	410
747	515
748	2402
748	1610
748	1622
749	1986
750	2598
750	2633
751	1272
751	873
752	2544
753	2214
754	1987
755	1881
756	2336
756	153
756	855
756	1898
757	271
757	273
758	2050
758	953
758	317
758	504
759	2537
759	2539
759	1172
759	1512
759	1519
759	1529
759	1768
759	1827
759	1829
759	1830
760	1988
760	431
761	1988
761	1996
761	2648
761	2660
761	2661
762	2107
762	636
763	624
764	2012
764	2189
764	491
764	493
764	1421
764	833
765	1024
765	367
766	1024
766	366
767	203
767	2133
767	47
768	2248
768	2436
768	2437
769	1989
770	1989
771	1989
771	769
771	770
772	2018
772	2350
772	532
772	533
772	82
773	1990
773	2001
773	355
773	1465
774	905
774	2270
774	1052
775	2070
775	1800
777	1229
778	1229
779	2120
779	2241
779	1046
779	1884
780	1991
780	2361
780	2365
780	2665
780	1600
780	1602
781	1991
781	2365
781	1602
782	2008
782	2169
783	2575
783	784
785	918
785	2407
785	2614
785	2653
785	1102
785	1357
785	522
785	1597
785	1598
786	192
787	2406
787	2491
787	1151
787	386
787	1352
787	1358
787	9
787	1658
787	16
788	63
788	1497
789	63
789	1497
790	2243
791	1566
791	1836
791	196
793	485
793	791
793	795
793	196
794	2243
794	485
794	795
795	2243
795	485
795	791
795	792
795	196
796	1777
796	1779
797	2272
797	2476
797	218
797	2655
797	470
797	1411
797	798
797	844
798	2476
799	1379
799	169
799	800
800	2271
800	1379
801	255
801	256
801	257
802	1995
802	1880
803	804
806	805
807	805
808	1996
808	61
809	892
809	1996
809	61
810	2234
810	2307
810	2337
810	2339
810	2388
810	2402
810	2604
810	2607
810	2656
810	2682
810	2703
810	1306
810	1330
810	1367
810	1
810	1510
810	1558
810	1570
810	1655
810	748
810	803
810	818
810	884
811	1239
811	360
811	361
812	1898
813	241
813	652
813	653
813	654
813	695
814	1361
815	1997
816	1997
816	2197
816	2423
816	724
817	1998
817	2005
818	1998
818	2524
818	312
818	1315
818	1461
818	1505
818	884
821	369
821	1363
821	1564
822	1363
822	1673
823	2144
823	2325
823	2381
823	2607
823	2656
823	2682
823	2703
823	1084
823	1531
823	1561
823	1570
823	1574
823	1611
823	1697
823	713
823	1791
824	2244
824	2601
825	2244
825	2601
826	138
826	773
826	174
826	183
826	882
827	2004
828	2530
828	2620
828	2629
828	326
830	2140
830	310
831	1621
832	2354
832	1349
832	1350
832	1351
832	1863
833	493
834	2074
834	2664
834	1058
834	367
836	893
836	908
837	672
838	2006
838	2636
838	1038
838	13
838	709
839	2108
839	2176
839	2500
839	2605
839	1267
839	433
839	577
839	578
839	721
839	142
839	847
839	1901
840	918
840	2407
841	2280
841	492
842	2135
842	261
842	1396
843	638
844	470
844	1414
845	331
846	2085
846	2179
846	2180
846	331
847	2124
848	2010
849	2435
849	1132
849	539
850	1286
850	1905
851	2321
853	2630
853	969
853	1062
853	1337
853	1338
854	1138
855	157
856	2098
856	2283
857	2011
858	1053
858	1613
858	1626
858	1627
858	1629
858	693
859	1921
859	2379
859	2676
859	952
859	1635
859	693
862	2085
862	2180
863	2085
864	561
867	869
868	866
870	2657
870	167
870	869
871	866
872	2030
872	431
872	1906
873	477
874	477
877	1631
878	1635
878	877
879	1220
879	79
879	537
880	890
880	2604
880	2682
880	489
880	883
881	489
881	1611
883	2604
883	1565
884	818
885	1577
885	1578
885	1580
887	1579
888	1188
888	1486
888	1806
889	2018
890	2252
890	2540
891	678
892	893
892	1645
894	895
895	2105
895	2583
895	432
896	2021
897	2021
898	897
898	2639
898	1079
898	155
899	1506
901	192
902	192
903	1061
904	903
904	1061
905	2689
905	774
906	2148
906	2223
906	2376
906	400
906	401
907	2130
907	2337
907	2347
907	2403
907	2667
907	1285
907	1491
907	644
907	1566
908	909
908	2024
909	2024
910	2024
910	1774
911	989
912	989
912	992
915	1188
915	1331
915	1347
916	1188
916	1189
917	2096
918	1915
918	2407
919	2236
920	921
920	1436
922	2031
922	2256
923	2032
923	2348
923	2667
923	2677
923	424
923	1582
923	1583
923	1584
923	1589
924	925
924	1915
924	1107
924	1376
925	924
925	1915
926	924
926	925
926	2306
926	2528
926	720
927	924
927	1107
927	1376
927	1795
928	1042
929	2604
929	1345
930	931
930	932
931	930
931	932
933	836
934	2231
935	1292
936	2157
937	2268
937	2488
937	1057
937	1070
937	1770
938	2250
940	835
941	701
942	2301
943	2038
944	245
945	947
945	1332
946	947
946	1194
946	1553
946	781
948	2039
949	2078
949	386
949	78
950	2346
950	2348
950	952
950	1285
950	1582
950	1584
951	952
951	1285
952	1285
953	1401
954	424
955	954
956	2161
956	530
956	845
956	862
958	959
958	1252
959	1252
960	962
961	962
964	2045
964	2273
966	2065
966	2171
966	1903
967	1200
967	1903
968	2137
969	1062
969	1338
973	2588
974	2068
974	2588
975	2606
976	1051
976	278
976	620
977	2475
977	2484
977	2702
977	370
977	564
977	1486
977	1761
977	1763
978	115
978	127
978	128
979	1125
979	149
980	630
981	2042
981	389
982	2043
983	2235
983	2293
983	2316
983	2317
983	1171
985	2456
985	297
986	2046
987	2046
987	986
988	912
989	912
989	725
990	912
990	992
990	1739
991	912
991	988
992	912
992	990
992	1721
992	1739
992	1741
993	2047
993	1462
993	1562
994	2147
994	1281
996	995
997	2048
998	1435
999	2049
999	2266
999	1000
1000	2049
1000	2266
1001	1883
1005	547
1006	1081
1006	1226
1007	1226
1008	1459
1009	1459
1010	1459
1011	581
1011	606
1011	1620
1012	1813
1013	2069
1013	1016
1013	1050
1014	915
1014	2240
1015	915
1015	2240
1015	1016
1016	2619
1017	2619
1017	1016
1018	2355
1018	2670
1018	648
1019	2052
1020	1498
1021	2122
1021	2128
1021	2200
1022	2144
1022	1115
1022	1485
1023	2104
1023	1485
1023	1504
1023	803
1024	1027
1025	2172
1025	1027
1026	366
1027	2203
1027	1058
1028	366
1029	1970
1029	1462
1029	1562
1030	2520
1030	2551
1030	973
1030	1268
1030	175
1031	152
1032	1031
1032	1487
1032	152
1033	2054
1034	369
1035	1405
1036	1035
1036	1405
1037	1035
1038	367
1038	709
1039	2055
1039	2211
1039	2643
1039	2646
1040	2055
1040	519
1040	824
1041	203
1041	2133
1041	996
1041	47
1041	767
1042	2162
1042	300
1043	2071
1043	2458
1043	2459
1043	2687
1043	1705
1043	844
1045	246
1047	2056
1048	2057
1048	2084
1049	829
1051	2069
1051	2467
1051	1014
1051	1885
1052	2270
1053	2123
1053	1502
1054	2234
1054	499
1054	2
1054	1564
1054	1653
1054	748
1054	791
1055	2234
1056	547
1057	1473
1058	2074
1058	2203
1058	1027
1059	2413
1059	1090
1059	1234
1059	58
1059	818
1060	2115
1061	903
1062	1338
1063	2478
1064	697
1065	1242
1065	72
1066	2143
1067	2118
1067	2371
1067	2377
1067	2560
1067	352
1067	1642
1068	1001
1068	1699
1069	2116
1069	2503
1069	546
1070	1057
1070	1473
1070	1770
1071	1359
1071	1764
1072	2657
1072	167
1072	869
1073	2059
1073	2504
1073	1695
1074	2060
1074	2377
1075	2061
1075	2434
1077	2286
1078	1597
1079	2166
1080	2257
1082	1917
1083	2583
1083	1082
1083	1904
1084	1596
1084	1611
1085	2062
1085	372
1086	2449
1086	1479
1086	1533
1086	1534
1086	1536
1086	1537
1086	1538
1086	1540
1086	1734
1087	2124
1088	2106
1088	2531
1088	1089
1089	2106
1089	2531
1089	1088
1091	2274
1091	2430
1091	2432
1091	2433
1091	2523
1091	1004
1092	1449
1092	180
1094	1095
1095	1094
1095	1099
1096	2066
1097	2610
1097	2669
1097	1438
1097	1444
1098	2205
1099	1241
1100	138
1102	1482
1103	199
1104	2334
1105	2618
1105	1106
1105	1278
1106	2618
1106	1278
1107	1376
1107	1793
1109	2360
1109	780
1110	2679
1111	2067
1111	1112
1111	1838
1112	2067
1112	2547
1112	1111
1112	1841
1113	965
1113	539
1113	1509
1113	1525
1113	1526
1114	2068
1115	1485
1116	2236
1117	2072
1117	2215
1118	2073
1118	2263
1118	389
1121	2282
1122	828
1125	2497
1125	2691
1126	2497
1126	2691
1128	1775
1130	2075
1130	2553
1130	2578
1130	1869
1131	953
1133	1368
1133	1696
1134	1133
1134	1696
1135	2252
1135	2525
1135	1791
1136	639
1137	915
1137	2240
1137	1809
1137	1847
1139	938
1139	2674
1139	1245
1140	99
1141	2080
1142	2080
1142	1596
1143	1907
1143	946
1143	1194
1143	1553
1143	781
1144	2083
1144	739
1145	2083
1146	2084
1146	2319
1146	1048
1147	2270
1147	2624
1147	1052
1147	1469
1148	1052
1149	2487
1150	2086
1151	1152
1152	2242
1152	1434
1154	1197
1155	2479
1155	1197
1155	1766
1156	865
1157	1129
1157	1390
1158	2089
1159	2201
1159	2335
1159	1424
1160	2090
1161	1670
1162	2635
1162	1173
1162	1377
1162	517
1162	840
1163	2699
1163	1164
1163	1519
1163	1829
1164	2539
1165	2292
1167	2407
1167	2528
1168	1793
1169	1529
1169	1827
1169	1829
1170	1078
1171	2394
1172	2538
1172	1830
1173	2394
1173	2407
1173	1793
1173	1795
1175	2151
1175	1174
1175	1200
1176	1063
1176	1155
1178	1177
1178	1819
1181	1329
1182	2092
1182	2149
1183	2405
1183	2487
1183	1185
1183	1657
1184	2405
1184	2487
1184	1183
1184	1185
1184	1657
1185	2405
1186	2093
1186	113
1187	2094
1188	2094
1188	1189
1189	2094
1190	2320
1190	1441
1191	2362
1191	2396
1191	2705
1191	984
1191	1230
1191	471
1191	1547
1192	2298
1192	2396
1192	1230
1192	472
1193	1290
1194	1553
1195	2096
1196	2370
1196	327
1196	1428
1196	1617
1196	1791
1197	2300
1198	2554
1198	9
1200	1174
1201	2127
1201	2413
1201	2625
1201	58
1201	14
1202	2661
1202	761
1203	585
1205	1718
1206	2168
1206	1483
1207	1483
1208	2195
1208	2283
1208	2692
1208	2693
1208	1065
1208	1279
1208	548
1208	1716
1208	1783
1209	2182
1210	2519
1210	1579
1210	887
1211	2119
1211	2415
1211	2416
1211	1673
1211	1674
1211	1675
1211	1866
1211	1897
1213	739
1214	602
1216	2157
1216	650
1217	2101
1218	2196
1218	2338
1218	2401
1218	1201
1218	1330
1218	1
1218	525
1218	1554
1218	1563
1218	1643
1218	674
1218	803
1218	14
1219	2399
1219	1218
1219	1330
1219	1
1219	1620
1219	1650
1223	2103
1224	2103
1227	2280
1227	492
1228	1199
1230	472
1231	2198
1231	1392
1232	2198
1232	1392
1232	1822
1233	2108
1234	1090
1236	2109
1237	2615
1237	1021
1239	361
1240	2110
1241	232
1241	1099
1242	2111
1242	2334
1242	1291
1242	1552
1243	2180
1244	2343
1245	2674
1246	2117
1246	2275
1247	2151
1247	2368
1247	2375
1247	1618
1247	877
1248	2169
1249	1250
1252	959
1253	2426
1253	2508
1253	2518
1253	2529
1253	2585
1253	1210
1253	1254
1253	1266
1253	51
1253	1578
1253	1579
1253	1814
1253	1815
1253	1816
1253	1817
1253	1844
1253	1871
1253	887
1254	2482
1254	2508
1254	2555
1254	1844
1255	2651
1255	2679
1255	1065
1256	2307
1256	2337
1257	384
1258	2512
1258	1257
1258	384
1259	2121
1260	233
1260	1679
1262	1261
1262	1263
1262	1810
1263	2706
1263	1261
1263	1262
1263	660
1263	1810
1264	2706
1264	1261
1264	1262
1264	1263
1264	660
1268	2241
1268	53
1269	53
1270	2335
1271	2302
1272	873
1273	1415
1275	2504
1275	2506
1275	2562
1275	2692
1275	2693
1275	1471
1275	1486
1275	1786
1275	1788
1275	740
1276	2123
1276	583
1276	1501
1276	1767
1277	2124
1278	2618
1278	1106
1279	2126
1282	1491
1283	2277
1285	2130
1285	952
1287	2131
1287	669
1288	2132
1288	2267
1288	1604
1288	1635
1289	2132
1290	1790
1291	2334
1291	1552
1292	935
1293	2134
1294	1921
1294	1196
1295	1647
1297	368
1298	2400
1299	923
1299	1481
1300	482
1301	2551
1301	2588
1301	973
1302	2141
1303	1124
1305	2144
1306	2144
1306	2434
1307	2145
1308	2146
1309	2148
1310	932
1310	2192
1311	2150
1312	2150
1313	2150
1313	2579
1313	824
1314	2434
1314	1075
1315	2151
1316	2152
1316	2212
1316	1317
1317	2152
1318	2621
1318	2668
1319	2193
1319	1778
1319	150
1320	2650
1321	973
1321	1347
1321	1393
1322	828
1323	773
1324	2651
1324	737
1326	1209
1326	698
1327	2158
1327	2634
1329	1181
1330	1218
1331	2160
1333	1667
1333	1871
1334	1667
1335	2162
1336	2163
1337	2630
1337	2631
1337	969
1337	1403
1338	969
1338	1892
1339	2164
1341	1340
1343	2480
1343	1141
1345	2293
1345	2427
1345	2428
1345	1461
1345	1503
1345	1690
1345	1691
1345	1692
1345	1693
1345	1755
1346	2286
1347	1809
1348	1809
1349	1350
1349	1863
1350	2354
1350	2663
1350	1863
1351	2354
1351	2663
1351	1350
1351	1863
1352	2168
1352	349
1353	603
1354	1588
1355	1356
1357	2306
1358	349
1359	1764
1365	2522
1365	451
1365	1447
1365	148
1366	2623
1367	2448
1367	1394
1367	543
1367	1712
1368	1340
1368	1819
1369	2470
1369	1325
1375	531
1376	1107
1379	2271
1381	2574
1381	2582
1382	2635
1383	2188
1384	2190
1385	2191
1387	2281
1390	1157
1390	371
1391	1496
1391	886
1392	2198
1393	2199
1393	1347
1394	1712
1395	930
1397	1887
1397	1892
1398	764
1399	2204
1399	1790
1400	54
1402	1516
1403	2630
1403	1337
1404	1184
1406	1189
1410	2216
1411	1414
1411	797
1412	1414
1413	1414
1413	797
1416	2219
1418	167
1419	2226
1419	1843
1420	455
1421	2634
1422	1454
1423	2584
1423	1698
1423	1887
1425	2230
1426	2231
1427	2232
1428	2396
1429	731
1430	680
1431	2238
1432	1328
1434	2242
1435	998
1436	920
1436	921
1437	2485
1443	2422
1445	1444
1445	1798
1446	2543
1446	2680
1448	2252
1448	2540
1449	2253
1451	2255
1452	677
1453	2256
1453	725
1454	1422
1455	1006
1456	2695
1457	2642
1461	1299
1463	2269
1464	994
1466	1426
1468	2540
1468	608
1469	604
1470	1910
1470	2484
1470	2579
1470	687
1474	994
1475	1983
1476	2502
1476	1780
1477	1779
1479	1737
1480	2687
1480	150
1482	1380
1484	1364
1485	1115
1487	2284
1488	2288
1489	2289
1490	2289
1491	2289
1492	2289
1492	1617
1494	720
1495	2372
1495	952
1499	2371
1499	1642
1502	2471
1502	2658
1502	2690
1503	2471
1503	2658
1503	2690
1503	1576
1503	1747
1503	1748
1503	1751
1503	1754
1503	1755
1504	2658
1504	488
1504	1749
1507	2303
1510	2308
1510	1557
1510	1570
1510	1862
1511	2310
1512	2311
1513	2313
1514	2314
1514	1515
1514	1516
1515	1518
1516	2314
1517	2314
1518	2315
1519	1512
1520	2515
1520	1794
1521	2320
1521	2588
1522	1831
1523	2697
1523	1522
1523	1768
1523	1828
1524	2322
1525	1526
1526	1525
1527	1595
1529	1768
1529	1828
1530	1545
1530	844
1532	1705
1533	1086
1534	1535
1534	1746
1535	1534
1536	2449
1537	1534
1537	1535
1538	1537
1539	1537
1539	1538
1540	1086
1540	1533
1541	2327
1541	1534
1541	1544
1542	2328
1542	1541
1542	1544
1543	2329
1543	2459
1543	1544
1544	2330
1545	1530
1546	2331
1546	685
1547	2396
1547	471
1549	59
1549	1550
1550	59
1551	2333
1552	2334
1554	2401
1554	2666
1555	1811
1556	2398
1556	2553
1556	2580
1556	1130
1556	1869
1557	1510
1557	1570
1557	1862
1559	1640
1560	1572
1560	1866
1563	955
1563	1590
1563	1623
1563	1639
1563	1652
1563	1653
1563	713
1563	859
1564	2489
1564	2579
1566	2403
1567	2371
1567	1642
1568	2682
1568	1639
1569	2401
1569	1342
1569	1554
1570	2339
1571	1572
1572	2340
1573	2342
1573	670
1575	2493
1576	2343
1577	1580
1578	1580
1579	2508
1579	1266
1579	1816
1579	1817
1579	885
1580	1578
1581	1577
1581	1578
1583	2346
1583	2348
1583	2677
1583	2678
1583	1582
1583	1584
1585	2346
1585	2667
1585	1584
1586	2366
1586	2373
1588	1582
1588	1618
1588	1624
1588	1625
1589	1583
1590	2366
1590	2373
1590	1288
1590	1628
1590	1635
1591	2347
1592	2351
1592	2424
1593	2353
1594	2353
1595	1527
1597	1598
1599	2361
1599	1600
1600	2361
1601	2365
1602	2365
1603	1604
1603	1605
1604	1605
1605	1604
1606	2366
1606	2373
1606	1613
1607	2366
1607	2373
1608	2368
1609	2372
1611	1619
1612	2378
1612	1628
1612	1629
1614	1618
1615	1639
1616	1617
1618	2570
1618	1617
1621	831
1622	831
1623	2374
1624	1625
1625	1624
1629	2378
1629	2675
1630	2675
1630	1629
1632	2378
1633	2401
1633	1767
1634	2380
1636	2382
1637	2677
1637	2678
1646	2388
1646	2389
1646	2390
1649	2393
1650	2399
1652	1653
1652	748
1653	748
1655	2402
1655	2483
1656	2684
1657	2487
1657	1183
1658	2406
1659	1810
1660	2408
1661	2409
1662	2410
1663	2412
1663	2685
1663	1664
1663	1665
1664	2412
1664	1665
1665	2685
1666	1046
1666	1884
1667	1884
1668	1669
1670	2417
1670	1161
1671	1672
1673	1674
1673	1897
1676	2414
1677	1674
1678	2422
1679	2423
1680	1447
1680	1681
1682	1879
1683	551
1685	1686
1686	1685
1687	2425
1687	468
1687	552
1687	1682
1687	1683
1688	552
1688	1689
1688	1879
1689	2429
1690	1693
1691	1693
1692	2427
1697	1306
1698	2436
1698	2437
1699	2437
1699	1784
1699	1785
1700	2438
1701	2439
1701	2453
1701	296
1702	1734
1703	2441
1703	2451
1703	1721
1703	1722
1703	1726
1703	1741
1704	2442
1704	1728
1706	1703
1707	2443
1707	2451
1707	2460
1707	2462
1707	2466
1707	1704
1707	1714
1707	1715
1707	1733
1707	1738
1707	1741
1707	1743
1707	1744
1708	2444
1708	1709
1709	2444
1710	2445
1711	2446
1712	2448
1713	2451
1713	2452
1713	2461
1713	2462
1713	2465
1713	2466
1713	992
1713	296
1713	1707
1713	1714
1713	1715
1713	1721
1713	1727
1713	1730
1713	1739
1713	1741
1714	2462
1714	2465
1714	992
1714	296
1714	1713
1714	1721
1715	1713
1717	2687
1717	1716
1718	1720
1719	1718
1721	2451
1723	1732
1724	1732
1725	2452
1725	1730
1726	2453
1726	1722
1727	2453
1727	2463
1727	1728
1727	1729
1729	2463
1729	1728
1730	2460
1730	2461
1730	2465
1730	1715
1730	1739
1731	2457
1731	1732
1732	2688
1733	2460
1733	1743
1733	1744
1734	2458
1735	2458
1735	1734
1736	1732
1737	1739
1738	2460
1738	1729
1739	992
1741	151
1742	151
1743	1744
1744	1743
1745	2464
1747	2471
1747	2690
1747	1751
1750	2469
1750	2470
1750	2511
1750	1751
1751	2469
1751	1754
1752	2690
1755	1576
1756	2474
1756	1757
1757	2473
1757	2474
1757	1756
1757	1758
1758	2473
1758	1756
1759	1551
1760	2472
1761	2475
1762	2475
1762	977
1763	2475
1765	2478
1765	2481
1766	2479
1768	2538
1768	1172
1769	2532
1770	2488
1771	2490
1771	1772
1772	2490
1772	1771
1773	2494
1774	2495
1775	910
1776	2496
1778	2285
1779	1477
1780	2501
1781	2503
1781	2505
1781	2507
1781	2692
1781	2693
1782	2505
1783	111
1784	2505
1784	2692
1784	2693
1784	111
1784	1785
1785	2505
1785	2507
1785	111
1785	1784
1786	2509
1787	2509
1787	1786
1788	2509
1789	2514
1792	2514
1792	1789
1793	1795
1794	1795
1795	1793
1797	1796
1798	1444
1799	1445
1799	1798
1805	1331
1807	2521
1808	2522
1809	1347
1811	1555
1811	1813
1815	2529
1816	1266
1816	51
1816	1814
1816	1817
1820	2534
1821	2535
1824	2536
1825	1172
1826	2699
1826	2700
1826	1164
1826	1827
1826	1829
1827	1529
1827	1830
1828	2698
1828	2699
1828	1163
1828	1529
1828	1825
1832	2702
1833	2544
1833	1889
1834	2541
1835	2543
1836	1837
1839	2550
1839	1112
1840	1419
1840	1843
1841	1896
1842	2554
1842	2588
1842	2590
1843	1419
1844	2555
1845	2556
1846	2568
1846	2569
1846	1847
1846	1848
1846	1849
1846	1858
1847	1846
1847	1848
1847	1858
1848	1846
1848	1858
1849	1846
1850	2557
1851	2561
1853	2558
1853	2565
1853	2566
1854	2565
1854	2566
1855	2565
1855	2566
1855	2567
1856	2565
1856	2566
1856	2567
1856	1854
1858	2568
1859	2572
1862	1558
1864	2577
1865	1211
1866	1211
1867	1868
1870	2581
1871	2586
1872	329
1872	1874
1872	1877
1873	329
1873	1872
1873	1874
1873	1877
1874	329
1874	1877
1875	2587
1877	1875
1898	2708
